{
 "cells": [
  {
   "cell_type": "code",
   "execution_count": 14,
   "metadata": {},
   "outputs": [
    {
     "name": "stdout",
     "output_type": "stream",
     "text": [
      "    0.000000  0.000009  0.000003  0.000012  0.000009.1\n",
      "0   0.000007  0.000005  0.000014  0.000013    0.000011\n",
      "1   0.000003  0.000013  0.000011  0.000008    0.000005\n",
      "2   0.000000  0.000001  0.000006  0.000002    0.000003\n",
      "3   0.000015  0.000007  0.000002  0.000000    0.000000\n",
      "4   0.000006  0.000008  0.000009  0.000009    0.000009\n",
      "5   0.000003  0.000010  0.000007  0.000005    0.000001\n",
      "6   0.000009  0.000012  0.000012  0.000008    0.000005\n",
      "7   0.000013  0.000011  0.000015  0.000014    0.000008\n",
      "8   0.000002  0.000007  0.000004  0.000013    0.000003\n",
      "9   0.000012  0.000013  0.000015  0.000015    0.000009\n",
      "10  0.000006  0.000004  0.000005  0.000013    0.000000\n",
      "11  0.000006  0.000001  0.000010  0.000001    0.000000\n",
      "12  0.000014  0.000004  0.000004  0.000009    0.000011\n",
      "13  0.000013  0.000011  0.000007  0.000003    0.000011\n",
      "14  0.000007  0.000007  0.000014  0.000011    0.000002\n",
      "15  0.000009  0.000006  0.000011  0.000009    0.000009\n",
      "16  0.000006  0.000002  0.000003  0.000006    0.000012\n",
      "17  0.000008  0.000015  0.000011  0.000005    0.000003\n",
      "18  0.000010  0.000008  0.000001  0.000011    0.000008\n"
     ]
    }
   ],
   "source": [
    "from sklearn.impute import KNNImputer\n",
    "import numpy as np\n",
    "import pandas as pd\n",
    "import csv\n",
    "import random \n",
    "import math\n",
    "import numpy.ma as ma\n",
    "np.set_printoptions(precision=2)\n",
    "\n",
    "#open csv file \n",
    "df = pd.read_csv(\"aaa.csv\")\n",
    "print(df)\n",
    "data = df.to_numpy()\n",
    "\n",
    "\n",
    "### function definition    \n",
    "def assignMissValue(n, mR):\n",
    "    missArray = n.copy()\n",
    "    cols = len(missArray[0])\n",
    "    rows = len(missArray)\n",
    "    miss = 0\n",
    "    origin = 0\n",
    "    \n",
    "    for col in range(cols):\n",
    "        for row in range(rows):\n",
    "            r = random.random()\n",
    "            if r < mR:\n",
    "                #then determine to miss\n",
    "                missArray[row][col] = np.nan\n",
    "#                 print(\"assign miss\")\n",
    "                miss += 1\n",
    "            elif r >= mR:\n",
    "                #remain origin value\n",
    "#                 print(\"origin value\")\n",
    "                origin +=1\n",
    "#         print(\"miss count : \", miss)\n",
    "#         print(\"miss rate = \", (miss/rows))\n",
    "#         print(\"origin count : \", origin)\n",
    "#         print(\"origin rate = \", (origin/rows))\n",
    "        miss = 0\n",
    "        origin = 0\n",
    "    \n",
    "#     printAllItemN(missArray)\n",
    "    return missArray\n",
    "\n",
    "def dominate(v1, v2):\n",
    "    \n",
    "    dom = False\n",
    "    for d in range(len(v1)):        \n",
    "#         if(d == 1): #specified indice\n",
    "        ## equal or less than logic\n",
    "        if(v1[d] <= v2[d]):\n",
    "            dom = True\n",
    "        else:\n",
    "            dom = False\n",
    "            break\n",
    "#         elif(d == 0 or d == 2 or d == 3): #specified indice\n",
    "        ## equal or greater than logic \n",
    "\n",
    "#             if(v1[d] >= v2[d]):\n",
    "#                 dom = True\n",
    "#             else:\n",
    "#                 dom = False\n",
    "#                 break\n",
    "    \n",
    "    return dom\n",
    "    \n",
    "\n",
    "def findskyline(array):\n",
    "    rows, cols = array.shape\n",
    "#     print(\"row of array = \", rows)\n",
    "#     print(\"col of array = \", cols)\n",
    "    \n",
    "    skylineList = [0]\n",
    "    candidate = []\n",
    "    for row in range(rows):\n",
    "#         print(\"iteration : \", row)\n",
    "        new = array[row]\n",
    "        length = len(skylineList)\n",
    "        \n",
    "        for index in range(length):\n",
    "            temp = skylineList.pop(0)\n",
    "#             print(\"pop out element : \"+str(temp))\n",
    "            pop = array[temp]\n",
    "            \n",
    "            if(not(dominate(new, pop)) and not(dominate(pop, new))):\n",
    "#                 print(str(new)+ \" and \"+ str(pop) + \" don't dominate each other.\")\n",
    "                if(index == (length-1) ):\n",
    "#                     print(\"last index:\" + str(index))\n",
    "#                     print(\"insert \" + str(row) + \" into candidate.\" )    \n",
    "                    if(row not in candidate):\n",
    "                        candidate.append(row)\n",
    "                \n",
    "#                 print(\"insert \" + str(temp) + \" into candidate.\" )    \n",
    "                if(temp not in candidate):\n",
    "                    candidate.append(temp)\n",
    "            \n",
    "            elif(dominate(new, pop)):\n",
    "#                 print(str(new) + \" dominate \" + str(pop))\n",
    "#                 print(\"insert \" + str(row) + \" into candidate.\" )\n",
    "                if(row not in candidate):\n",
    "                    candidate.append(row)\n",
    "            \n",
    "            elif(dominate(pop, new)):\n",
    "#                 print(str(pop) + \" dominate \" + str(new))\n",
    "#                 print(\"insert \" + str(temp) + \" into candidate.\" )\n",
    "                if(temp not in candidate):\n",
    "                    candidate.append(temp)\n",
    "            \n",
    "#             print(\"candidate : \"+str(candidate))\n",
    "        \n",
    "        skylineList = candidate[:]\n",
    "        candidate.clear()\n",
    "            \n",
    "#         print(\"current skylineList:\"+str(skylineList))\n",
    "\n",
    "    return skylineList\n",
    "\n",
    "def returnHitList(sky_list, est_list):\n",
    "    set1 = set(sky_list)\n",
    "    set2 = set(est_list)\n",
    "    hitSet = set1.intersection(set2)\n",
    "    return list(hitSet)\n",
    "    \n",
    "def hitRatio(sky_list, est_list):\n",
    "    set1 = set(sky_list)\n",
    "    set2 = set(est_list)\n",
    "    union2Set = set1.union(set2)\n",
    "    \n",
    "    hitSet = set(returnHitList(sky_list, est_list))\n",
    "    return len(hitSet)/len(union2Set)\n",
    "\n",
    "def HammingHit(list1, list2):\n",
    "    hit = 0\n",
    "    for item in list1:\n",
    "        if item in list2:\n",
    "            hit +=1\n",
    "    \n",
    "    return hit\n",
    "\n",
    "def skyline_HammingDistance(list1, list2):\n",
    "    hit = HammingHit(list1, list2)\n",
    "    set1 = set(list1)\n",
    "    set2 = set(list2)\n",
    "    union = set1.union(set2)\n",
    "#     print(union)\n",
    "    distance = hit/len(list(union))\n",
    "    \n",
    "    return distance\n"
   ]
  },
  {
   "cell_type": "code",
   "execution_count": 15,
   "metadata": {},
   "outputs": [],
   "source": [
    "# n = [\n",
    "#     [1 , np.nan,     16,     np.nan,     88, np.nan],\n",
    "#     [2 ,      8,      0, np.nan,      6, np.nan],\n",
    "#     [3 , np.nan,     14,     57,      7, np.nan],\n",
    "#     [4 ,     15,    100, np.nan, np.nan,      2],\n",
    "#     [np.nan ,      1,      5,     13,     15,     44],\n",
    "#     [6 ,      2,     17,     61,     77,     35],\n",
    "#     [7 , np.nan,     np.nan,     np.nan,     np.nan,     18],\n",
    "#     [np.nan , np.nan,      4,     42,     98,     90],\n",
    "#     [9 ,     np.nan,     10,     20,     np.nan,      1],\n",
    "#     [10,      3, np.nan,     21,      2,     33],\n",
    "#     ] \n",
    "\n",
    "# n_t = [\n",
    "#     [1 , 12,     16,     13,     88, 28],\n",
    "#     [2 ,      8,      0, 29,      6, 55],\n",
    "#     [3 , 11,     14,     57,      7, 23],\n",
    "#     [4 ,     15,    100, 11, 8,      2],\n",
    "#     [5 ,      1,      5,     13,     15,     44],\n",
    "#     [6 ,      2,     17,     61,     77,     35],\n",
    "#     [7 , 0,     99,     12,     44,     18],\n",
    "#     [8 , 5,      4,     42,     98,     90],\n",
    "#     [9 ,     11,     10,     20,     19,      1],\n",
    "#     [10,      3, 61,     21,      2,     33],\n",
    "#     ] \n"
   ]
  },
  {
   "cell_type": "code",
   "execution_count": 16,
   "metadata": {},
   "outputs": [],
   "source": [
    "# function to retrieve missing info of input data set\n",
    "def eval_missing_weight(dataset):\n",
    "    \n",
    "    data = dataset.copy()\n",
    "    rows, cols = dataset.shape\n",
    "    \n",
    "    #initialize a weight list with length same with number of columns of input dataset\n",
    "    missing_weight_by_each_col = [None]*cols \n",
    "    miss_count = [None]*cols\n",
    "    miss_counter_per_col = 0\n",
    "    \n",
    "    for col in range(cols):\n",
    "        for row in range(rows):\n",
    "            if np.isnan(data[row][col]):\n",
    "                miss_counter_per_col += 1\n",
    "            else:\n",
    "                continue\n",
    "        \n",
    "        miss_count[col] = miss_counter_per_col #record missing count for each column\n",
    "        missing_weight_by_each_col[col] = miss_counter_per_col/rows #record missing ratio for each column\n",
    "        miss_counter_per_col = 0 # reset the missing-counter into next iteration\n",
    "    \n",
    "    print(miss_count)\n",
    "    print(missing_weight_by_each_col)\n",
    "    return miss_count, missing_weight_by_each_col"
   ]
  },
  {
   "cell_type": "code",
   "execution_count": 17,
   "metadata": {},
   "outputs": [
    {
     "name": "stdout",
     "output_type": "stream",
     "text": [
      "[0, 0, 0, 0, 0]\n",
      "[0.0, 0.0, 0.0, 0.0, 0.0]\n"
     ]
    }
   ],
   "source": [
    "'''\n",
    "    Incomplete data set\n",
    "'''\n",
    "# data  = np.array([\n",
    "#     [np.nan,      5,      3, np.nan,      6],\n",
    "#     [2     , np.nan,      6, np.nan, np.nan],\n",
    "#     [8     ,      9, np.nan, np.nan, np.nan],\n",
    "#     [np.nan,      8,      6,      7, np.nan],\n",
    "#     [5     ,      6, np.nan, np.nan, np.nan],\n",
    "#     [9     ,      5, np.nan,      7, np.nan],\n",
    "#     ])\n",
    "\n",
    "# data = np.array([\n",
    "#     [1, 2, 5, 3],\n",
    "#     [5, 7, 8, 4],\n",
    "#     [3, 1, 4, 2],\n",
    "#     [8, 1, 3, 3]\n",
    "# ])\n",
    "\n",
    "miss_count, miss_weight = eval_missing_weight (data)\n",
    "data_row, data_col = data.shape"
   ]
  },
  {
   "cell_type": "code",
   "execution_count": 18,
   "metadata": {},
   "outputs": [
    {
     "name": "stdout",
     "output_type": "stream",
     "text": [
      "[[0.00e+00 1.22e-05 1.77e-05 2.24e-05 7.42e-06 1.59e-05 1.09e-05 9.11e-06\n",
      "  1.39e-05 9.90e-06 1.43e-05 1.73e-05 1.29e-05 1.49e-05 9.43e-06 5.83e-06\n",
      "  1.35e-05 1.54e-05 1.41e-05]\n",
      " [1.22e-05 0.00e+00 1.48e-05 1.87e-05 7.42e-06 7.07e-06 6.16e-06 1.28e-05\n",
      "  1.07e-05 1.27e-05 1.33e-05 1.51e-05 1.70e-05 1.35e-05 8.89e-06 1.01e-05\n",
      "  1.57e-05 6.48e-06 1.39e-05]\n",
      " [1.77e-05 1.48e-05 0.00e+00 1.70e-05 1.34e-05 1.02e-05 1.67e-05 2.28e-05\n",
      "  1.28e-05 2.40e-05 1.33e-05 7.87e-06 1.79e-05 1.83e-05 1.52e-05 1.47e-05\n",
      "  1.20e-05 1.71e-05 1.67e-05]\n",
      " [2.24e-05 1.87e-05 1.70e-05 0.00e+00 1.71e-05 1.43e-05 1.58e-05 2.12e-05\n",
      "  1.87e-05 2.28e-05 1.64e-05 1.35e-05 1.47e-05 1.32e-05 1.82e-05 1.67e-05\n",
      "  1.69e-05 1.51e-05 1.46e-05]\n",
      " [7.42e-06 7.42e-06 1.34e-05 1.71e-05 0.00e+00 9.85e-06 7.14e-06 1.10e-05\n",
      "  9.70e-06 1.15e-05 1.14e-05 1.40e-05 1.04e-05 1.01e-05 8.94e-06 4.12e-06\n",
      "  9.49e-06 1.04e-05 9.22e-06]\n",
      " [1.59e-05 7.07e-06 1.02e-05 1.43e-05 9.85e-06 0.00e+00 9.49e-06 1.72e-05\n",
      "  9.33e-06 1.78e-05 1.07e-05 1.08e-05 1.68e-05 1.43e-05 1.05e-05 1.22e-05\n",
      "  1.45e-05 8.37e-06 1.32e-05]\n",
      " [1.09e-05 6.16e-06 1.67e-05 1.58e-05 7.14e-06 9.49e-06 0.00e+00 8.43e-06\n",
      "  1.29e-05 9.17e-06 1.31e-05 1.44e-05 1.38e-05 1.01e-05 7.14e-06 7.35e-06\n",
      "  1.56e-05 4.90e-06 1.25e-05]\n",
      " [9.11e-06 1.28e-05 2.28e-05 2.12e-05 1.10e-05 1.72e-05 8.43e-06 0.00e+00\n",
      "  1.69e-05 2.65e-06 1.62e-05 2.02e-05 1.43e-05 1.39e-05 9.90e-06 9.11e-06\n",
      "  1.88e-05 1.28e-05 1.49e-05]\n",
      " [1.39e-05 1.07e-05 1.28e-05 1.87e-05 9.70e-06 9.33e-06 1.29e-05 1.69e-05\n",
      "  0.00e+00 1.72e-05 5.92e-06 1.55e-05 1.53e-05 1.76e-05 1.14e-05 1.23e-05\n",
      "  1.31e-05 1.46e-05 1.01e-05]\n",
      " [9.90e-06 1.27e-05 2.40e-05 2.28e-05 1.15e-05 1.78e-05 9.17e-06 2.65e-06\n",
      "  1.72e-05 0.00e+00 1.74e-05 2.20e-05 1.57e-05 1.47e-05 1.13e-05 1.05e-05\n",
      "  1.98e-05 1.31e-05 1.56e-05]\n",
      " [1.43e-05 1.33e-05 1.33e-05 1.64e-05 1.14e-05 1.07e-05 1.31e-05 1.62e-05\n",
      "  5.92e-06 1.74e-05 0.00e+00 1.33e-05 1.42e-05 1.80e-05 9.95e-06 1.21e-05\n",
      "  1.42e-05 1.53e-05 1.08e-05]\n",
      " [1.73e-05 1.51e-05 7.87e-06 1.35e-05 1.40e-05 1.08e-05 1.44e-05 2.02e-05\n",
      "  1.55e-05 2.20e-05 1.33e-05 0.00e+00 1.71e-05 1.68e-05 1.25e-05 1.34e-05\n",
      "  1.48e-05 1.50e-05 1.76e-05]\n",
      " [1.29e-05 1.70e-05 1.79e-05 1.47e-05 1.04e-05 1.68e-05 1.38e-05 1.43e-05\n",
      "  1.53e-05 1.57e-05 1.42e-05 1.71e-05 0.00e+00 9.75e-06 1.56e-05 9.06e-06\n",
      "  8.89e-06 1.69e-05 7.35e-06]\n",
      " [1.49e-05 1.35e-05 1.83e-05 1.32e-05 1.01e-05 1.43e-05 1.01e-05 1.39e-05\n",
      "  1.76e-05 1.47e-05 1.80e-05 1.68e-05 9.75e-06 0.00e+00 1.57e-05 9.85e-06\n",
      "  1.25e-05 1.12e-05 1.13e-05]\n",
      " [9.43e-06 8.89e-06 1.52e-05 1.82e-05 8.94e-06 1.05e-05 7.14e-06 9.90e-06\n",
      "  1.14e-05 1.13e-05 9.95e-06 1.25e-05 1.56e-05 1.57e-05 0.00e+00 8.19e-06\n",
      "  1.65e-05 1.05e-05 1.47e-05]\n",
      " [5.83e-06 1.01e-05 1.47e-05 1.67e-05 4.12e-06 1.22e-05 7.35e-06 9.11e-06\n",
      "  1.23e-05 1.05e-05 1.21e-05 1.34e-05 9.06e-06 9.85e-06 8.19e-06 0.00e+00\n",
      "  1.03e-05 1.16e-05 1.05e-05]\n",
      " [1.35e-05 1.57e-05 1.20e-05 1.69e-05 9.49e-06 1.45e-05 1.56e-05 1.88e-05\n",
      "  1.31e-05 1.98e-05 1.42e-05 1.48e-05 8.89e-06 1.25e-05 1.65e-05 1.03e-05\n",
      "  0.00e+00 1.79e-05 9.85e-06]\n",
      " [1.54e-05 6.48e-06 1.71e-05 1.51e-05 1.04e-05 8.37e-06 4.90e-06 1.28e-05\n",
      "  1.46e-05 1.31e-05 1.53e-05 1.50e-05 1.69e-05 1.12e-05 1.05e-05 1.16e-05\n",
      "  1.79e-05 0.00e+00 1.46e-05]\n",
      " [1.41e-05 1.39e-05 1.67e-05 1.46e-05 9.22e-06 1.32e-05 1.25e-05 1.49e-05\n",
      "  1.01e-05 1.56e-05 1.08e-05 1.76e-05 7.35e-06 1.13e-05 1.47e-05 1.05e-05\n",
      "  9.85e-06 1.46e-05 0.00e+00]]\n"
     ]
    }
   ],
   "source": [
    "from sklearn.metrics.pairwise import nan_euclidean_distances\n",
    "# dist(x,y) = sqrt(weight * sq. distance from present coordinates) where, weight = Total # of coordinates / # of present coordinates\n",
    "# ref : https://scikit-learn.org/stable/modules/generated/sklearn.metrics.pairwise.nan_euclidean_distances.html\n",
    "'''\n",
    "    distance_matrix\n",
    "'''\n",
    "distance_matrix = nan_euclidean_distances(data,data)\n",
    "dis_row, dis_col = distance_matrix.shape \n",
    "''' there are two cases of distance_matrix = 0\n",
    "    1. two samples have same value but non-NaN with its all attributes\n",
    "    2. two samples have no any corresponding attributes both are non-NaN\n",
    "'''\n",
    "print(distance_matrix)\n"
   ]
  },
  {
   "cell_type": "code",
   "execution_count": 19,
   "metadata": {
    "scrolled": true
   },
   "outputs": [],
   "source": [
    "'''\n",
    "    weight_matrix\n",
    "'''\n",
    "# initialize weight_matrix of same size with distance_matrix\n",
    "weight_matrix = [ [ None for y in range( dis_col ) ] for x in range( dis_row ) ]\n",
    "\n",
    "# assign values according to value in distance_matrix\n",
    "for row in range(dis_row):\n",
    "    for col in range(dis_col):\n",
    "        if (row == col or distance_matrix[row][col] == 0): \n",
    "            # assign zero otherwise (index i = j)\n",
    "            '''\n",
    "                there are two cases causing weight_matrix = 0\n",
    "                1. weight_matrix row index = column index\n",
    "                2. distance_matrix value is zero, which means neigther corresponding attributes of two samples are non-NaN\n",
    "            '''\n",
    "            weight_matrix[row][col] = 0\n",
    "        elif (row != col and distance_matrix[row][col] != 0) :\n",
    "            # assign inverse value of nan_euclidean_distances w.r.t distance_matrix\n",
    "            # python will alert divide-by-zero warning here\n",
    "            weight_matrix[row][col] = 1. / distance_matrix[row][col]\n",
    "\n",
    "# weight_matrix"
   ]
  },
  {
   "cell_type": "markdown",
   "metadata": {},
   "source": [
    "## step3. sorting the indices each row of distance_matrix"
   ]
  },
  {
   "cell_type": "code",
   "execution_count": 20,
   "metadata": {},
   "outputs": [],
   "source": [
    "'''\n",
    "sorting the indices each row of distance_matrix\n",
    "'''\n",
    "def sorted_index_per_row(one_row_dis_matrix, row):\n",
    "    s = one_row_dis_matrix\n",
    "    sorted_s = sorted(range(len(s)), key = lambda k : s[k])\n",
    "    nonzero_sortedlist = []\n",
    "\n",
    "    for i in range(len(sorted_s)):\n",
    "        # i to be index of sorted_s with type list\n",
    "        # sorted_s[i] to be index of distance_matrix[i]\n",
    "        index = sorted_s[i]\n",
    "        if distance_matrix[row][index] == 0:\n",
    "#             print(\"index %d is %d\" %(index, 0))\n",
    "            continue\n",
    "        else:\n",
    "#             print(\"non-zero index : %d , value = %3.3f\" %(index,distance_matrix[0][index]))\n",
    "            nonzero_sortedlist.append(index)\n",
    "\n",
    "#     print(sorted_s)\n",
    "#     print(nonzero_sortedlist)\n",
    "    return nonzero_sortedlist"
   ]
  },
  {
   "cell_type": "code",
   "execution_count": 21,
   "metadata": {},
   "outputs": [],
   "source": [
    "'''\n",
    "    retrieve Nearest Neighbor for each sample of distance matrix\n",
    "    return nearest_neighbor of each sample contains non-zero distance\n",
    "    return type : list\n",
    "'''\n",
    "def nearest_neighbor(dis_matrix):\n",
    "    samples = len(dis_matrix)\n",
    "    NN_list = []\n",
    "    \n",
    "    for row in range(samples):\n",
    "        NN_list.append(sorted_index_per_row(dis_matrix[row], row))\n",
    "    \n",
    "#     print(NN_list)\n",
    "    return NN_list"
   ]
  },
  {
   "cell_type": "code",
   "execution_count": 22,
   "metadata": {},
   "outputs": [
    {
     "data": {
      "text/plain": [
       "[[15, 4, 7, 14, 9, 6, 1, 12, 16, 8, 18, 10, 13, 17, 5, 11, 2, 3],\n",
       " [6, 17, 5, 4, 14, 15, 8, 0, 9, 7, 10, 13, 18, 2, 11, 16, 12, 3],\n",
       " [11, 5, 16, 8, 10, 4, 15, 1, 14, 6, 18, 3, 17, 0, 12, 13, 7, 9],\n",
       " [13, 11, 5, 18, 12, 17, 6, 10, 15, 16, 2, 4, 14, 1, 8, 7, 0, 9],\n",
       " [15, 6, 0, 1, 14, 18, 16, 8, 5, 13, 12, 17, 7, 10, 9, 2, 11, 3],\n",
       " [1, 17, 8, 6, 4, 2, 14, 10, 11, 15, 18, 3, 13, 16, 0, 12, 7, 9],\n",
       " [17, 1, 14, 4, 15, 7, 9, 5, 13, 0, 18, 8, 10, 12, 11, 16, 3, 2],\n",
       " [9, 6, 0, 15, 14, 4, 17, 1, 13, 12, 18, 10, 8, 5, 16, 11, 3, 2],\n",
       " [10, 5, 4, 18, 1, 14, 15, 2, 6, 16, 0, 17, 12, 11, 7, 9, 13, 3],\n",
       " [7, 6, 0, 15, 14, 4, 1, 17, 13, 18, 12, 8, 10, 5, 16, 11, 3, 2],\n",
       " [8, 14, 5, 18, 4, 15, 6, 1, 2, 11, 16, 12, 0, 17, 7, 3, 9, 13],\n",
       " [2, 5, 14, 10, 15, 3, 4, 6, 16, 17, 1, 8, 13, 12, 0, 18, 7, 9],\n",
       " [18, 16, 15, 13, 4, 0, 6, 10, 7, 3, 8, 14, 9, 5, 17, 1, 11, 2],\n",
       " [12, 15, 4, 6, 17, 18, 16, 3, 1, 7, 5, 9, 0, 14, 11, 8, 10, 2],\n",
       " [6, 15, 1, 4, 0, 7, 10, 17, 5, 9, 8, 11, 18, 2, 12, 13, 16, 3],\n",
       " [4, 0, 6, 14, 12, 7, 13, 1, 16, 18, 9, 17, 10, 5, 8, 11, 2, 3],\n",
       " [12, 4, 18, 15, 2, 13, 8, 0, 10, 5, 11, 6, 1, 14, 3, 17, 7, 9],\n",
       " [6, 1, 5, 4, 14, 13, 15, 7, 9, 8, 18, 11, 3, 10, 0, 12, 2, 16],\n",
       " [12, 4, 16, 8, 15, 10, 13, 6, 5, 1, 0, 3, 17, 14, 7, 9, 2, 11]]"
      ]
     },
     "execution_count": 22,
     "metadata": {},
     "output_type": "execute_result"
    }
   ],
   "source": [
    "### main program variables\n",
    "nearest_neighbor_list = nearest_neighbor(distance_matrix)\n",
    "nearest_neighbor_list"
   ]
  },
  {
   "cell_type": "markdown",
   "metadata": {},
   "source": [
    "## step4. kNN imputation\n",
    "- required infomation and data (structure):\n",
    "> weight_matrix : NxN (N = num of rows)\n",
    "> data set : NxM (N = num of data instances; M = num of dimensions)\n",
    "> nearest_neighbor_list : a list record each data instance whose ordered-distance index list, with non-zero distance infomation\n",
    "> integer variable k : specified for user input, in order to get the k-nearest-neighbors in nearest_neighbor_list above\n",
    "- 4-1. \n",
    "- 4-2. \n",
    "- 4-3. "
   ]
  },
  {
   "cell_type": "code",
   "execution_count": 23,
   "metadata": {},
   "outputs": [],
   "source": [
    "def return_mask_array(missing_row, missing_col, k_neighbors):\n",
    "#     data = data.copy()\n",
    "    row = missing_row\n",
    "    col = missing_col\n",
    "    k = k_neighbors\n",
    "    '''\n",
    "        create a mask-array to indicate validity value of potential donors among original data\n",
    "        if the value of a donor at the same column is NaN, mask[data_idx] = True, False otherwise \n",
    "        size of mask array responding to length of nearest_neighbor_list[missing_row]\n",
    "        example:\n",
    "            missing_row = 0 \n",
    "            nearest_neighbor_list[0] = [4, 1, 3, 2]\n",
    "            initial mask = [None, None, None, None]\n",
    "            check data[0][4] = 5, mask = [False, None, None, None]\n",
    "            check data[0][1] = 2, mask = [False, False, None, None] \n",
    "            check data[0][3] = NaN, mask = [False, False, True, None]\n",
    "            check data[0][2] = 8, mask = [False, Fasle, True, False]\n",
    "    '''\n",
    "    if k > len(nearest_neighbor_list[row]):\n",
    "        k = len(nearest_neighbor_list[row])\n",
    "    elif k <= len(nearest_neighbor_list[row]):\n",
    "        pass\n",
    "        \n",
    "#     mask = [None]*len(nearest_neighbor_list[row])\n",
    "    mask = [None]*k\n",
    "\n",
    "    for i in range(k):\n",
    "        '''\n",
    "            ridx is each item of nearest_neighbor_list[missing_row]\n",
    "            missing_row = 0\n",
    "            nearest_neighbor_list[0] = [4, 1, 3, 2]\n",
    "                ridx = nearest_neighbor_list[0][0] = 4\n",
    "                ridx = nearest_neighbor_list[0][1] = 1\n",
    "                ridx = nearest_neighbor_list[0][2] = 3\n",
    "                ridx = nearest_neighbor_list[0][3] = 2\n",
    "        '''\n",
    "        ridx = nearest_neighbor_list[row][i]\n",
    "        if np.isnan(data[ridx][col]):\n",
    "            mask[i] = True\n",
    "        else:\n",
    "            mask[i] = False\n",
    "            \n",
    "    # print(nearest_neighbor_list[row])\n",
    "    # print(mask)\n",
    "    return mask\n"
   ]
  },
  {
   "cell_type": "code",
   "execution_count": 24,
   "metadata": {},
   "outputs": [],
   "source": [
    "def imputation(dataset, num_of_neighbor):\n",
    "    missing_data = dataset.copy()\n",
    "    imputed_data = dataset.copy()\n",
    "    rows, cols = dataset.shape\n",
    "    \n",
    "    ## parameters setting at initial\n",
    "    k = num_of_neighbor\n",
    "    \n",
    "    for row in range(rows):\n",
    "        for col in range(cols):\n",
    "            '''\n",
    "                check every cell in data is NaN or not\n",
    "                if so, then do the imputation process\n",
    "                if not, the skip current iteration\n",
    "            '''\n",
    "            if np.isnan(missing_data[row][col]) :\n",
    "#                 print(\"missing value at [%d][%d]\\n\" %(row, col))\n",
    "                \n",
    "                nn = nearest_neighbor_list[row][:k]\n",
    "#                 print(nn)\n",
    "                \n",
    "                mask_array = return_mask_array(row, col, k)\n",
    "                data_instance = []\n",
    "                \n",
    "                \n",
    "                #check content of mask array\n",
    "                if all(item == True for item in mask_array):\n",
    "                    # all contents of a mask array is True\n",
    "#                     print(\"original mask array are ALL TRUE as below : \")\n",
    "#                     print(mask_array)\n",
    "                    \n",
    "                    # reset mask array\n",
    "                    for i in range(len(mask_array)):\n",
    "                        mask_array[i] = False\n",
    "#                     print(\"reset content of mask array : \")\n",
    "#                     print(mask_array)\n",
    "                        \n",
    "                    while(len(data_instance)) < len(mask_array):\n",
    "                        rand = random.randint(0, len(data)-1)\n",
    "                        new = data[rand][col]\n",
    "                        if (not np.isnan(new)):\n",
    "                            data_instance.append(new)\n",
    "#                     print(\"random data_instance : \")\n",
    "#                     print(data_instance)\n",
    "                    \n",
    "                else:\n",
    "                    for i in range(len(nn)):\n",
    "                        r_idex = nn[i]\n",
    "                        data_instance.append(data[r_idex][col])\n",
    "#                         print(\"original data_instance : \")\n",
    "#                         print(data_instance)\n",
    "\n",
    "                mx = ma.array(data_instance, mask = mask_array)\n",
    "                \n",
    "#                 print(\"missing value been imputed value : %3.4f\" %(mx.mean()))\n",
    "                imputed_data[row][col] = mx.mean()\n",
    "            else:\n",
    "                continue\n",
    "            \n",
    "#             print(\"\\n\")\n",
    "#             print(\"imputed data\")\n",
    "#             print(imputed_data)\n",
    "#     print(missing_data)\n",
    "#     print(imputed_data)\n",
    "    return imputed_data"
   ]
  },
  {
   "cell_type": "code",
   "execution_count": 25,
   "metadata": {},
   "outputs": [],
   "source": [
    "def AllImputer(data, miss_rate, k):\n",
    "\n",
    "    missed_data = assignMissValue(data, miss_rate)\n",
    "\n",
    "    imputer1 = KNNImputer(n_neighbors = k, weights = 'uniform')\n",
    "    k1 = imputer1.fit_transform(missed_data)\n",
    "#     print(\"Uniform imputation\")\n",
    "#     print(k1)\n",
    "#     print(\"\\n\")\n",
    "\n",
    "\n",
    "    imputer2 = KNNImputer(n_neighbors = k, weights = 'distance')\n",
    "    k2 = imputer2.fit_transform(missed_data)\n",
    "#     print(\"Inverse of distance as weight imputation\")\n",
    "#     print(k2)\n",
    "#     print(\"\\n\")\n",
    "\n",
    "\n",
    "#     print(\"My imputation\")\n",
    "    k3 = imputation(missed_data, k)\n",
    "#     print(k3)\n",
    "#     print(\"\\n\")\n",
    "\n",
    "\n",
    "    skyline_base = findskyline(data)\n",
    "    skyline_k1 = findskyline(k1)\n",
    "    skyline_k2 = findskyline(k2)\n",
    "    skyline_k3 = findskyline(k3)\n",
    "\n",
    "    print(skyline_base)\n",
    "    print(skyline_k1)\n",
    "    print(skyline_k2)\n",
    "    print(skyline_k3)\n",
    "\n",
    "    hitRatio_k1 = hitRatio(skyline_base, skyline_k1)\n",
    "    hitRatio_k2 = hitRatio(skyline_base, skyline_k2)\n",
    "    hitRatio_k3 = hitRatio(skyline_base, skyline_k3)\n",
    "\n",
    "    print(hitRatio_k1)\n",
    "    print(hitRatio_k2)\n",
    "    print(hitRatio_k3)"
   ]
  },
  {
   "cell_type": "code",
   "execution_count": 26,
   "metadata": {},
   "outputs": [
    {
     "name": "stdout",
     "output_type": "stream",
     "text": [
      "k = 1\n",
      "k = 1 , miss rate = 0.10\n",
      "[3, 5, 8, 10, 11, 12, 14, 16, 18, 2]\n",
      "[3, 8, 10, 12, 16, 18, 2]\n",
      "[3, 8, 10, 12, 16, 18, 2]\n",
      "[3, 8, 10, 12, 16, 18, 2]\n",
      "0.7\n",
      "0.7\n",
      "0.7\n",
      "k = 1 , miss rate = 0.15\n",
      "[3, 5, 8, 10, 11, 12, 14, 16, 18, 2]\n",
      "[3, 11, 8, 10, 12, 13, 16, 18, 2]\n",
      "[3, 11, 8, 10, 12, 13, 16, 18, 2]\n",
      "[3, 5, 8, 10, 11, 12, 16, 18, 2]\n",
      "0.7272727272727273\n",
      "0.7272727272727273\n",
      "0.9\n",
      "k = 1 , miss rate = 0.20\n",
      "[3, 5, 8, 10, 11, 12, 14, 16, 18, 2]\n",
      "[2, 3, 4, 5, 11, 8, 12, 18, 14, 17, 16]\n",
      "[2, 3, 4, 5, 11, 8, 12, 18, 14, 17, 16]\n",
      "[5, 3, 8, 10, 11, 12, 13, 14, 16, 18, 2]\n",
      "0.75\n",
      "0.75\n",
      "0.9090909090909091\n",
      "k = 1 , miss rate = 0.25\n",
      "[3, 5, 8, 10, 11, 12, 14, 16, 18, 2]\n",
      "[2, 18, 11, 6, 8, 10, 15, 16, 5]\n",
      "[2, 18, 11, 6, 8, 10, 15, 16, 5]\n",
      "[3, 5, 8, 10, 11, 18, 14, 16, 2]\n",
      "0.5833333333333334\n",
      "0.5833333333333334\n",
      "0.9\n",
      "k = 1 , miss rate = 0.30\n",
      "[3, 5, 8, 10, 11, 12, 14, 16, 18, 2]\n",
      "[10, 8, 11, 14, 2]\n",
      "[10, 5, 8, 11, 14, 2]\n",
      "[3, 5, 10, 11, 12, 14, 16, 18, 2]\n",
      "0.5\n",
      "0.6\n",
      "0.9\n",
      "k = 1 , miss rate = 0.35\n",
      "[3, 5, 8, 10, 11, 12, 14, 16, 18, 2]\n",
      "[11, 2, 8, 5, 6, 7, 16, 13, 17, 18, 10]\n",
      "[11, 2, 8, 5, 6, 7, 16, 13, 17, 18, 10]\n",
      "[3, 5, 8, 10, 18, 13, 16, 11]\n",
      "0.5\n",
      "0.5\n",
      "0.6363636363636364\n",
      "k = 1 , miss rate = 0.40\n",
      "[3, 5, 8, 10, 11, 12, 14, 16, 18, 2]\n",
      "[3, 5, 8, 12, 14, 16, 18, 11]\n",
      "[3, 5, 8, 12, 14, 16, 18, 11]\n",
      "[3, 5, 8, 10, 12, 13, 14, 16, 18, 11]\n",
      "0.8\n",
      "0.8\n",
      "0.8181818181818182\n",
      "k = 1 , miss rate = 0.45\n",
      "[3, 5, 8, 10, 11, 12, 14, 16, 18, 2]\n",
      "[3, 16, 14, 12, 11]\n",
      "[3, 16, 14, 12, 11]\n",
      "[5, 3, 8, 10, 18, 16, 11]\n",
      "0.5\n",
      "0.5\n",
      "0.7\n",
      "k = 1 , miss rate = 0.50\n",
      "[3, 5, 8, 10, 11, 12, 14, 16, 18, 2]\n",
      "[5, 3, 14, 11, 13, 15, 16, 17, 18, 8]\n",
      "[5, 3, 14, 11, 13, 15, 16, 17, 18, 8]\n",
      "[5, 3, 8, 10, 12, 16, 18, 11]\n",
      "0.5384615384615384\n",
      "0.5384615384615384\n",
      "0.8\n",
      "k = 1 , miss rate = 0.55\n",
      "[3, 5, 8, 10, 11, 12, 14, 16, 18, 2]\n",
      "[7, 2, 3, 15, 10, 9, 11, 12, 16, 17, 18, 13]\n",
      "[7, 2, 3, 15, 5, 9, 10, 11, 12, 13, 16, 17, 18, 0]\n",
      "[3, 11, 10, 12, 13, 14, 16, 18, 2]\n",
      "0.4666666666666667\n",
      "0.5\n",
      "0.7272727272727273\n",
      "k = 1 , miss rate = 0.60\n",
      "[3, 5, 8, 10, 11, 12, 14, 16, 18, 2]\n",
      "[8, 3, 4, 17, 16, 11, 14, 15, 18, 13]\n",
      "[8, 3, 4, 17, 18, 11, 16, 14, 15, 13]\n",
      "[3, 4, 10, 11, 16, 18, 2]\n",
      "0.42857142857142855\n",
      "0.42857142857142855\n",
      "0.5454545454545454\n",
      "k = 1 , miss rate = 0.65\n",
      "[3, 5, 8, 10, 11, 12, 14, 16, 18, 2]\n",
      "[2, 3, 11, 10, 17, 7, 8, 12, 13, 16, 18, 14]\n",
      "[2, 3, 17, 10, 7, 8, 11, 12, 13, 16, 18, 14]\n",
      "[3, 11, 8, 10, 12, 13, 16, 18, 2]\n",
      "0.6923076923076923\n",
      "0.6923076923076923\n",
      "0.7272727272727273\n",
      "k = 1 , miss rate = 0.70\n",
      "[3, 5, 8, 10, 11, 12, 14, 16, 18, 2]\n",
      "[16, 5, 3, 6, 7, 8, 13, 15, 17, 18, 10]\n",
      "[16, 5, 3, 15, 6, 7, 8, 13, 17, 18, 10]\n",
      "[3, 5, 8, 10, 11, 12, 13, 15, 18, 2]\n",
      "0.4\n",
      "0.4\n",
      "0.6666666666666666\n",
      "k = 1 , miss rate = 0.75\n",
      "[3, 5, 8, 10, 11, 12, 14, 16, 18, 2]\n",
      "[3, 4, 5, 11, 17, 14, 18, 10]\n",
      "[3, 4, 5, 13, 11, 14, 17, 18, 10]\n",
      "[3, 5, 10, 11, 12, 18, 15, 2]\n",
      "0.5\n",
      "0.46153846153846156\n",
      "0.6363636363636364\n",
      "k = 1 , miss rate = 0.80\n",
      "[3, 5, 8, 10, 11, 12, 14, 16, 18, 2]\n",
      "[14, 4, 7, 8, 9, 10, 18, 16, 11]\n",
      "[1, 14, 4, 7, 8, 9, 10, 13, 18, 16, 11]\n",
      "[3, 11, 8, 10, 12, 16, 15, 18, 2]\n",
      "0.46153846153846156\n",
      "0.4\n",
      "0.7272727272727273\n",
      "k = 1 , miss rate = 0.85\n",
      "[3, 5, 8, 10, 11, 12, 14, 16, 18, 2]\n",
      "[3, 5, 16]\n",
      "[3, 5, 16]\n",
      "[3, 11, 8, 10, 12, 16, 18, 2]\n",
      "0.3\n",
      "0.3\n",
      "0.8\n",
      "k = 1 , miss rate = 0.90\n",
      "[3, 5, 8, 10, 11, 12, 14, 16, 18, 2]\n",
      "[13, 17, 12]\n",
      "[13, 8, 17, 12]\n",
      "[11, 8, 10, 12, 13, 15, 18, 2]\n",
      "0.08333333333333333\n",
      "0.16666666666666666\n",
      "0.5\n",
      "k = 1 , miss rate = 0.95\n",
      "[3, 5, 8, 10, 11, 12, 14, 16, 18, 2]\n",
      "[18]\n",
      "[18]\n",
      "[11, 8, 10, 12, 18, 15, 2]\n",
      "0.1\n",
      "0.1\n",
      "0.5454545454545454\n",
      "k = 2\n",
      "k = 2 , miss rate = 0.10\n",
      "[3, 5, 8, 10, 11, 12, 14, 16, 18, 2]\n",
      "[3, 5, 8, 10, 11, 12, 14, 18, 2]\n",
      "[3, 5, 8, 10, 11, 12, 14, 18, 2]\n",
      "[3, 5, 8, 10, 11, 12, 14, 18, 2]\n",
      "0.9\n",
      "0.9\n",
      "0.9\n",
      "k = 2 , miss rate = 0.15\n",
      "[3, 5, 8, 10, 11, 12, 14, 16, 18, 2]\n",
      "[1, 2, 3, 10, 5, 11, 12, 13, 14, 15, 16, 17, 18, 8]\n",
      "[1, 2, 3, 4, 5, 10, 11, 12, 13, 14, 15, 16, 17, 18, 8]\n",
      "[2, 3, 11, 5, 8, 12, 13, 14, 15, 16, 17, 18, 10]\n",
      "0.7142857142857143\n",
      "0.6666666666666666\n",
      "0.7692307692307693\n",
      "k = 2 , miss rate = 0.20\n",
      "[3, 5, 8, 10, 11, 12, 14, 16, 18, 2]\n",
      "[2, 3, 8, 5, 10, 12, 13, 14, 16, 18, 11]\n",
      "[5, 2, 3, 8, 10, 12, 14, 16, 18, 11]\n",
      "[3, 5, 8, 10, 11, 12, 14, 16, 18, 2]\n",
      "0.9090909090909091\n",
      "1.0\n",
      "1.0\n",
      "k = 2 , miss rate = 0.25\n",
      "[3, 5, 8, 10, 11, 12, 14, 16, 18, 2]\n",
      "[11, 3, 12, 5, 13, 14, 15, 16, 17, 2]\n",
      "[1, 3, 12, 5, 6, 8, 11, 13, 14, 15, 16, 17, 2]\n",
      "[3, 8, 10, 11, 12, 14, 2]\n",
      "0.5384615384615384\n",
      "0.5333333333333333\n",
      "0.7\n",
      "k = 2 , miss rate = 0.30\n",
      "[3, 5, 8, 10, 11, 12, 14, 16, 18, 2]\n",
      "[1, 2, 3, 5, 8, 10, 11, 12, 13, 14, 16, 17, 18]\n",
      "[1, 2, 3, 5, 8, 10, 11, 12, 13, 14, 16, 17, 18]\n",
      "[3, 8, 10, 11, 12, 16, 18, 2]\n",
      "0.7692307692307693\n",
      "0.7692307692307693\n",
      "0.8\n",
      "k = 2 , miss rate = 0.35\n",
      "[3, 5, 8, 10, 11, 12, 14, 16, 18, 2]\n",
      "[1, 3, 10, 5, 8, 11, 12, 13, 14, 15, 16, 17, 18, 2]\n",
      "[1, 3, 10, 5, 8, 11, 12, 13, 14, 15, 16, 17, 18, 2]\n",
      "[3, 5, 8, 10, 11, 12, 14, 16, 2]\n",
      "0.7142857142857143\n",
      "0.7142857142857143\n",
      "0.9\n",
      "k = 2 , miss rate = 0.40\n",
      "[3, 5, 8, 10, 11, 12, 14, 16, 18, 2]\n",
      "[3, 5, 10, 11, 12, 13, 14, 15, 16, 18, 2]\n",
      "[3, 5, 8, 10, 11, 12, 13, 14, 15, 16, 18, 2]\n",
      "[3, 5, 8, 10, 11, 12, 13, 16, 18, 2]\n",
      "0.75\n",
      "0.8333333333333334\n",
      "0.8181818181818182\n",
      "k = 2 , miss rate = 0.45\n",
      "[3, 5, 8, 10, 11, 12, 14, 16, 18, 2]\n",
      "[1, 2, 10, 5, 8, 11, 12, 13, 14, 15, 16, 17, 18, 0]\n",
      "[5, 2, 10, 8, 6, 11, 12, 13, 14, 15, 16, 17, 18, 0]\n",
      "[5, 8, 11, 12, 18, 2]\n",
      "0.6\n",
      "0.6\n",
      "0.6\n",
      "k = 2 , miss rate = 0.50\n",
      "[3, 5, 8, 10, 11, 12, 14, 16, 18, 2]\n",
      "[3, 11, 8, 12, 16, 2]\n",
      "[3, 11, 5, 8, 12, 16, 2]\n",
      "[3, 8, 10, 11, 12, 13, 16, 18, 2]\n",
      "0.6\n",
      "0.7\n",
      "0.7272727272727273\n",
      "k = 2 , miss rate = 0.55\n",
      "[3, 5, 8, 10, 11, 12, 14, 16, 18, 2]\n",
      "[10, 2, 11, 15, 16, 18, 5]\n",
      "[2, 10, 8, 11, 12, 13, 14, 15, 16, 17, 18, 5]\n",
      "[2, 3, 11, 8, 12, 16, 14, 15, 17, 18, 10]\n",
      "0.5454545454545454\n",
      "0.6923076923076923\n",
      "0.75\n",
      "k = 2 , miss rate = 0.60\n",
      "[3, 5, 8, 10, 11, 12, 14, 16, 18, 2]\n",
      "[2, 10, 16, 11, 12, 13, 15, 18, 8]\n",
      "[2, 11, 12, 13, 15, 16, 18, 8]\n",
      "[5, 8, 10, 11, 12, 13, 16, 18, 2]\n",
      "0.5833333333333334\n",
      "0.5\n",
      "0.7272727272727273\n",
      "k = 2 , miss rate = 0.65\n",
      "[3, 5, 8, 10, 11, 12, 14, 16, 18, 2]\n",
      "[1, 2, 11, 4, 5, 6, 9, 10, 12, 14, 15, 16, 17, 18, 8]\n",
      "[1, 2, 11, 4, 5, 6, 8, 9, 10, 12, 13, 15, 16, 17, 18, 14]\n",
      "[11, 8, 12, 16, 14, 15, 17, 18, 10]\n",
      "0.5625\n",
      "0.5294117647058824\n",
      "0.5833333333333334\n",
      "k = 2 , miss rate = 0.70\n",
      "[3, 5, 8, 10, 11, 12, 14, 16, 18, 2]\n",
      "[11, 2, 3, 4, 5, 8, 9, 10, 12, 14, 15, 16, 17, 18, 0]\n",
      "[3, 2, 8, 5, 11, 9, 10, 12, 14, 15, 16, 17, 18, 0]\n",
      "[3, 8, 10, 11, 12, 13, 16, 18, 2]\n",
      "0.6666666666666666\n",
      "0.7142857142857143\n",
      "0.7272727272727273\n",
      "k = 2 , miss rate = 0.75\n",
      "[3, 5, 8, 10, 11, 12, 14, 16, 18, 2]\n",
      "[1, 3, 5, 6, 7, 10, 17, 16, 18, 2]\n",
      "[1, 2, 4, 11, 16, 18, 3]\n",
      "[3, 5, 8, 10, 11, 12, 13, 16, 18, 2]\n",
      "0.42857142857142855\n",
      "0.4166666666666667\n",
      "0.8181818181818182\n",
      "k = 2 , miss rate = 0.80\n",
      "[3, 5, 8, 10, 11, 12, 14, 16, 18, 2]\n",
      "[2, 8, 11, 13, 14, 15, 17, 18, 12]\n",
      "[11, 17, 18, 2]\n",
      "[3, 8, 11, 12, 13, 18, 2]\n",
      "0.46153846153846156\n",
      "0.2727272727272727\n",
      "0.5454545454545454\n",
      "k = 2 , miss rate = 0.85\n",
      "[3, 5, 8, 10, 11, 12, 14, 16, 18, 2]\n",
      "[16, 2, 6, 8, 10, 0]\n",
      "[12, 2, 6, 8, 16, 0]\n",
      "[8, 10, 11, 12, 16, 18, 2]\n",
      "0.3333333333333333\n",
      "0.3333333333333333\n",
      "0.7\n",
      "k = 2 , miss rate = 0.90\n",
      "[3, 5, 8, 10, 11, 12, 14, 16, 18, 2]\n",
      "[3, 5, 2]\n",
      "[3, 5, 2]\n",
      "[3, 8, 11, 12, 13, 18, 2]\n",
      "0.3\n",
      "0.3\n",
      "0.5454545454545454\n",
      "k = 2 , miss rate = 0.95\n",
      "[3, 5, 8, 10, 11, 12, 14, 16, 18, 2]\n",
      "[11]\n",
      "[11]\n",
      "[11, 8, 12, 13, 18, 2]\n",
      "0.1\n",
      "0.1\n",
      "0.45454545454545453\n",
      "k = 3\n",
      "k = 3 , miss rate = 0.10\n",
      "[3, 5, 8, 10, 11, 12, 14, 16, 18, 2]\n",
      "[2, 3, 4, 5, 6, 8, 11, 12, 13, 14, 15, 16, 17, 18, 10]\n",
      "[2, 3, 4, 5, 6, 8, 11, 12, 13, 14, 15, 16, 17, 18, 10]\n",
      "[3, 5, 8, 10, 11, 12, 14, 16, 17, 18, 2]\n",
      "0.6666666666666666\n",
      "0.6666666666666666\n",
      "0.9090909090909091\n",
      "k = 3 , miss rate = 0.15\n",
      "[3, 5, 8, 10, 11, 12, 14, 16, 18, 2]\n",
      "[3, 5, 8, 10, 11, 12, 13, 14, 16, 18, 2]\n",
      "[3, 16, 5, 8, 10, 11, 12, 13, 14, 18, 2]\n",
      "[3, 5, 8, 10, 11, 12, 14, 16, 18, 2]\n",
      "0.9090909090909091\n",
      "0.9090909090909091\n",
      "1.0\n",
      "k = 3 , miss rate = 0.20\n",
      "[3, 5, 8, 10, 11, 12, 14, 16, 18, 2]\n",
      "[2, 3, 11, 10, 12, 13, 14, 15, 16, 17, 18, 8]\n",
      "[2, 3, 8, 10, 11, 12, 13, 16, 17, 5]\n",
      "[3, 5, 10, 11, 12, 14, 16, 18, 2]\n",
      "0.6923076923076923\n",
      "0.6666666666666666\n",
      "0.9\n",
      "k = 3 , miss rate = 0.25\n",
      "[3, 5, 8, 10, 11, 12, 14, 16, 18, 2]\n",
